6.064807149572793987e-01
9.316421046586484955e-01
4.516235017200503354e-01
3.901050845825370650e-01
-1.065098514448741679e-01
-1.180133826097398586e+00
-1.735402918486669499e+00
-9.592587905057183839e-01
-3.956451459805221393e-03
-3.320271627554352567e-01
2.933265449933075697e-02
6.997008276898921686e-01
-9.095864090934652202e-01
-2.085026646774082337e+00
-7.871139817241834535e-02
9.572902650718754236e-01
1.354339964441956923e+00
1.294504913579666239e+00
1.928434417176847493e-01
7.895632643842444010e-01
7.048760310549753161e-01
7.731626332992601602e-01
-1.997012100997633155e+00
-2.992770223216873138e+00
3.275038225721230711e-01
-2.491462364788654682e+00
-4.033538386079901450e+00
-4.260918048472290831e-01
1.109565598329314895e+00
1.516820214380877108e+00
4.630142354624133816e-01
-4.851756935428201967e-01
-1.332694766092410998e-01
1.270878133023330303e+00
1.186916831456369614e+00
-1.061609451660292081e+00
-8.904752040482635245e-01
-1.667555113615454554e-01
5.856717851506190176e-01
6.167474519932907295e-01
-5.974383119777206819e-01
-4.336131357277852594e-01
-4.968600465681896061e-01
-9.395083403975559300e-01
7.759280310862307628e-01
5.119584135824761795e-02
-1.003284161020363996e+00
1.153752449773270516e+00
2.522415972061042844e+00
8.327419987354480746e-01
2.416049286756662973e-01
1.201519826187568807e+00
3.518280720912688730e-01
-4.213652415182006505e-02
-8.768392155689722633e-01
-4.449643795545676905e-01
-1.499435031973447852e-01
5.516582391751106984e-01
1.753401580634017076e+00
7.982394838524704550e-01
3.518041943950667161e-05
-3.039868001865910774e-01
9.580136552266129701e-01
1.416988222228023009e+00
2.951663092383808307e-01
-1.419872136676171959e+00
-3.129213838803700298e+00
-2.319640022146573166e+00
1.957208195783662008e+00
2.502180297358874483e+00
-5.654559541290971048e-01
-4.029498495692774851e-01
9.344013744401991062e-01
-6.136451499587636249e-02
-1.646188754803315391e+00
1.528180242452986004e+00
2.202630472355969538e+00
-3.912432179376753583e-01
-6.756577448068905589e-01
-7.808683621389533869e-01
-1.332084638418460809e+00
1.682892277007673076e+00
3.367326538198659680e+00
1.001048023075245125e-01
-1.297867489798771645e+00
-6.401378090051251801e-01
-2.390857912175193278e-01
-1.196768925092387192e+00
-1.421016360083732444e+00
2.442997684340384890e+00
4.689216407064527914e+00
2.414550240267161030e+00
4.936169048824823324e-01
-3.796159140151080802e-01
6.139081476074004229e-03
-1.810544321968984072e+00
-7.084100380885032244e-01
5.052007120341859281e-01
-9.853421566494265926e-01
1.685382609406148369e+00
5.480486625167855230e+00
4.090745423417160964e+00
6.665017391466965258e-02
-3.793778335747768793e+00
-2.385346705631836706e+00
2.409949056570420467e+00
1.783402150133996944e-01
-4.625987585465530572e+00
-5.362970133338061274e+00
-2.262679181964957653e+00
3.325414818709628406e+00
5.372239310762743081e+00
-3.836067052645457665e-01
-2.163407097397544110e+00
-1.021522299512075849e+00
7.381587640332150091e-01
9.675977017547857661e-01
1.205690610341724645e+00
8.149993162909437983e-01
-1.883141939815686339e+00
-1.289479987633538549e+00
-5.289544715139306019e-01
-2.021820519936595950e+00
-1.982674419663605470e+00
1.221243177869631991e+00
1.104419592214278323e+00
4.193157419503478200e-01
9.707712301887430062e-01
1.599314225906257381e+00
2.300905568713414340e+00
-1.266932040557368633e-01
-1.294614642556416673e+00
-1.653450522006723489e+00
-2.206357970878966679e+00
3.025382276846985130e-01
-2.560512773907406281e-01
1.075394703384726647e+00
4.103857039129038320e+00
1.763823634472295288e+00
-2.210453387036547479e+00
-3.216449746533273313e+00
-6.162919161661466472e-01
-1.633470435495159467e+00
-1.550959338413436361e+00
-2.317700070627846110e-01
7.385458458419604799e-01
3.282620890005426784e+00
3.314114787904211212e+00
1.814643340130112525e+00
-1.124226081524117182e+00
-4.238822144843609863e+00
-3.919463472719844965e+00
-5.763755260380016843e-01
2.806141541212411550e+00
8.141017822703755513e-01
-9.290221257203434835e-02
9.465532924261269576e-01
9.173311453354355827e-01
4.389563808166510039e-01
-3.540134243162335048e-01
-5.162380294852348950e-01
-6.888058263562587547e-01
4.514143633181687265e-02
-1.932366649847731266e-01
-7.703535148860884973e-01
-1.532429640906157742e+00
3.005605635840382650e-01
2.931851683933677233e+00
1.159151728965359229e+00
-2.415796978709200626e+00
-1.577507036879583158e+00
-2.189541724670855949e-01
9.108514835113248331e-01
2.568208802528378243e+00
1.277061523050715408e+00
-2.391245085037473905e-01
-9.096158802354690209e-01
-1.382048241008839495e+00
-3.104916451916523545e+00
1.883232776654193419e-01
2.895128211896262460e+00
-2.428735980040730436e-02
-7.157999005042714469e-01
-4.364034212140089908e-01
-2.334787879658199561e+00
-2.391314321650798380e+00
5.329394763145267611e-01
3.815650858548711888e+00
3.090364212311740300e+00
-9.658941548717902004e-01
-3.567683967806997813e+00
-2.535481513793571562e+00
1.158991313226670261e+00
1.129114443072321228e+00
-2.154670283345951454e+00
-1.383065065356201107e+00
1.300485566459764541e+00
2.403421096777873966e+00
2.657605170757677993e+00
-8.253756141111443512e-01
-4.131626720629020255e+00
-1.897625971050847404e+00
3.397189634627104660e+00
4.031968911794900023e+00
2.834581309841970320e-01
-1.535326088598459648e+00
-4.637526397801985389e-01
8.958398961645995806e-01
3.768607323557112698e-01
2.372616467673559493e-01
2.221159955167925637e-01
-1.196159777911484312e+00
-1.234971416983868142e+00
2.195416083473835656e+00
2.068327518465193915e+00
-1.623441382571898961e+00
-2.462294407707179111e+00
-1.163511226844533786e+00
1.853379823282641503e-01
-5.580308277013773521e-01
4.222367266960407872e-01
1.315014825061053605e+00
8.392701786923990603e-01
4.304346001415352285e-01
1.061533448700826554e-01
-2.058200083654906087e-01
-1.541578343027323772e+00
-6.834324038273328350e-01
2.246739853885645566e+00
4.774438777118840127e-01
-1.260505637978187377e+00
9.576684937464305936e-01
1.232735578871660964e+00
-4.267945253450793897e-01
4.053775286570060477e-02
8.957509357256183691e-01
-4.765298466416530987e-01
-9.828302304514670018e-01
6.894771039114016009e-01
8.869548493888901319e-02
-1.506170225100950333e+00
2.997772711100412657e-01
1.790036007950069896e+00
6.139829519561952331e-01
-9.563725847908381983e-01
-1.273723119451262153e+00
-9.677125406930950913e-01
-1.273755004231452270e+00
-3.262677653926232546e-01
-2.197937580934666846e-01
-5.328885771307421138e-01
-1.865760614073328272e+00
-1.316409429352300542e+00
1.789032402500650321e+00
3.914455663001113805e+00
2.691207439655379119e+00
-1.313326290393562079e+00
-2.750097154825402068e+00
4.602563475748759902e-01
1.046050324536867748e+00
5.038268008146644661e-01
1.583335356584723241e+00
2.842863331743142874e-01
-1.080489002733384440e+00
5.267308489001711891e-01
1.876597476049826518e+00
-6.524744507649070657e-01
-5.675637086252992569e-01
-1.539328209794715407e+00
-3.596767205769732634e+00
-3.548373185199891200e-01
3.858240335581180513e+00
2.695453677326569597e+00
-2.243537525242791375e+00
-3.613160445334260285e+00
-2.203582468987745457e+00
6.376284011591124568e-01
2.784659705061322654e+00
1.516703308880651635e+00
-4.178510950575904381e-01
-1.021334556304357433e+00
1.230021731265736662e+00
1.070230640247656018e+00
1.852067178248518520e+00
3.014395501453822845e+00
-9.560893818415303613e-01
-4.157674117213313814e+00
-2.072824720203786164e+00
-8.980482942839349558e-01
9.218314953589640259e-01
4.879810471671526262e-01
-1.444138936986445465e+00
-9.514519584213284586e-01
-1.804440778787216981e+00
4.722243102945193893e-01
3.637976436729624563e+00
-4.183075240675986350e-01
-2.772321674857059381e+00
-1.032684636185906557e+00
1.103989107880068099e+00
3.036948306106028284e+00
2.409192292630636167e+00
9.242611683977497439e-01
-1.416845837474236980e+00
-1.857205894067483154e+00
-9.615285365718710953e-01
8.915642212752531437e-01
2.000565116516609177e+00
9.455328755822371978e-01
4.149030593622418106e-01
2.745113388376350549e+00
-3.594823399883715354e-01
-3.929898895497613065e+00
-1.945099853652417554e+00
-1.203334325300952745e+00
-5.277313643204787352e-01
1.284497052247815185e+00
8.182595320668371031e-01
7.126787624984226577e-01
2.700281402552403565e-01
-2.281743455397985176e+00
-1.981531910162483312e+00
2.658047237650566497e-01
2.334421912175555391e+00
1.773752507232632780e+00
-4.309468836438664074e-01
-3.802882564552300115e-01
-6.954659655453764300e-01
-2.797984885596661586e-01
4.964250257496003460e-01
1.567482780265649078e-01
-3.203767134501442904e-01
2.318974212048110939e+00
6.462345263315807387e-01
-3.931351906908612470e+00
-1.766529958323927563e+00
2.337729348676566843e-01
2.974250881033521310e+00
3.544530746311932212e+00
-8.200720961777818729e-03
-1.685687001125942830e+00
2.541663224455918968e-01
1.146420067764917672e+00
2.699633817591014229e-02
-8.429265470926120551e-01
-8.361319115646388411e-01
-3.964950103112321877e-01
4.883269003270234165e-01
3.388112579383655287e-01
5.601728870148643402e-01
2.750770374384610695e-01
2.749773407462681174e-01
2.375021618705267734e+00
2.664401879077948454e+00
6.193131713555881657e-01
-2.382520516102189845e+00
-2.200220160225383026e+00
-1.119334341454185089e-01
-1.431643631739422329e+00
-1.791281882383348734e-01
3.932587867201241316e+00
3.212857333415696903e+00
-4.947054919321155486e-01
-1.427242756047989447e+00
4.763917806600596050e-01
-1.825200374501436018e+00
-4.898210412608964504e+00
-2.836354120830693493e+00
1.352254596435441325e+00
3.154747047163447782e+00
1.694936835083265425e+00
2.787950799980422056e-01
4.809283952293015307e-01
1.067300601220717793e+00
-8.421925776040505296e-01
-1.246416157504995681e+00
-1.624272627859449369e-02
1.336409573785878768e+00
3.137899909794225284e+00
1.392354295154971666e-01
-2.187953253379733454e+00
6.594741135985471292e-01
7.467429560563340063e-01
-1.972492350922848692e-01
4.933549623872819367e-01
5.852171298462141014e-01
1.554356278254013013e+00
2.066793682905525120e+00
1.252232709801969768e-01
-1.908664181891094103e+00
-1.901877607656664360e+00
-2.059936205077187665e+00
-4.981077657402723236e-01
1.653870610458654022e+00
1.588984553282146717e-01
2.299327075086945449e-01
-4.405715779358996276e-01
-3.700708243069351866e+00
-1.708495444914854389e+00
2.439308562924086488e+00
3.965362394917607780e+00
4.046987650826010530e+00
1.853441735261009082e+00
-1.337967174946848692e+00
-1.987284819219228060e+00
-5.472989296725931041e+00
-6.235902124880738029e+00
-7.410178436409985414e-01
2.137174550642471971e+00
3.521211133077020605e+00
2.515436706192371030e+00
6.561773786317606216e-01
1.905606716291945446e-01
3.812222395046327428e-02
2.395072190665195055e+00
2.699401905768448628e+00
9.843354016179451937e-01
-1.406080050716254748e+00
-3.924290544573223016e+00
-1.510770154446432700e+00
2.694488128451447029e+00
2.702973281997451682e-01
-9.960574289564458894e-01
2.613084826739197619e-01
6.255109933427863700e-01
1.270409113648611976e+00
-1.323570404912886023e+00
-1.715443432376500876e+00
9.857186166829080554e-01
1.789556589306336543e+00
-9.049681647551721664e-01
-1.582972510535467503e+00
2.404058419563430693e-01
-2.841150582657221979e-01
1.258383782950187824e+00
9.329196642187856936e-01
5.958584420527822667e-01
3.527601260157918972e+00
1.119840493833690998e+00
-2.926085079959431123e+00
-2.699421003571963684e+00
-1.452031885381539711e+00
3.876441871739866873e-01
1.988349505403443684e+00
1.330129975720424129e+00
7.364260839793110858e-01
5.807032540528538345e-01
-8.935110144058788784e-01
-7.693153293730446984e-01
8.346208681147953001e-01
1.573286497734520006e+00
2.412123947844065641e-01
-1.101181690106743716e+00
-1.118109599374287111e+00
1.296049084676860752e-01
2.111781216744623713e+00
1.786549383230533694e+00
-1.465413858424230664e+00
-2.212822464095628661e+00
-8.398696510809510185e-01
5.135459227468481824e-01
4.191660702868740263e-01
-9.131358557643176610e-01
-2.907154811566877051e+00
-5.286990335119206019e-01
2.244486428720344762e+00
9.980456553248098217e-01
1.508393704309468397e+00
-6.300435959114321083e-01
-1.860527775852360177e+00
2.336638974422735604e-01
2.494776693538112156e+00
2.859758940174998099e+00
-1.652896257671485625e+00
-4.524774540284925983e+00
-2.066346075949538452e+00
2.631407859785562131e+00
2.819817149915182064e+00
1.453180420456965383e+00
2.219353792717680296e+00
-6.017470955653907438e-01
-2.289587048958279691e+00
-6.169935260497161345e-02
1.345835796065512291e+00
1.364396624459178753e-01
-7.596916716399214342e-02
-1.692902170929973416e+00
-3.217302853156870590e+00
-1.509158426787636786e+00
1.062702872326683590e+00
-3.625986989467211430e-02
-2.278336032432926039e+00
-1.297813145198457807e+00
7.766730079240691254e-02
5.753871885086446758e-01
3.372488283631222217e+00
4.602603897575757941e+00
3.530834616150531957e+00
-1.609329927958090267e-01
-1.730223696776753251e+00
-1.079467738655906839e+00
-1.102353007748615221e+00
-9.660392628193488207e-01
-6.112074524337974823e-01
2.226673470320483350e+00
3.043827561645820357e+00
-6.475276494409649697e-01
-2.906204713281987928e+00
-1.783340669431350278e+00
-1.700969447702330273e+00
-1.916931797641638235e+00
1.655505378376962655e+00
4.805706290415844961e+00
3.374456135295897941e-01
-3.804469816041654351e+00
-1.109853967787221674e+00
9.826542556751824975e-01
-7.448600184183030715e-01
-1.186879763015668665e+00
-1.003193618492739692e+00
-9.359309378894035136e-01
5.931368064033504250e-01
2.377918848575728106e+00
2.555199508239873740e+00
-6.976954087736078058e-01
-1.312394864064698741e+00
4.769709522989908912e-01
-8.367576633013549259e-01
-2.717431041516089607e-01
-6.680586555595580123e-01
-3.797572515695089024e-01
8.681235983217246988e-01
6.736638503250095278e-01
2.686118976660242019e+00
8.356907814187441996e-01
-1.730295727512760173e+00
-1.072853640517872575e+00
-2.456897084084199712e-01
1.069729854236346700e+00
3.918539318934242122e-01
-1.701323711669497918e+00
-1.701802987244911192e+00
-1.310746249933321117e+00
-5.943711468845735979e-01
-4.381843342770390670e-01
2.022750613705471157e+00
1.784838781257372942e+00
-2.759399765413192984e+00
-4.444648765645664579e-01
2.739459796348113318e+00
2.321882598227411165e+00
-8.767215419846154933e-01
1.690794713417176354e-02
2.203489098451993478e+00
1.250157927752807652e+00
7.187769202767014809e-01
-3.071033696540971469e+00
-5.054608792873882095e+00
-5.877804278279789019e-01
2.717246939552575125e+00
4.196810194720572706e-01
-1.539520461349307201e+00
5.002591119464114833e-01
8.779935657156252571e-01
-4.995061181733173594e-01
1.685064927765337339e-01
2.206928084858033046e+00
2.970205997890018601e-01
-3.006462788449380419e+00
6.525171013592618863e-01
2.170957279409464480e+00
-3.351120726980882925e-01
-5.697346896073296474e-01
7.884018978320812554e-01
4.434240497708697437e-01
-1.184400111877712103e+00
-7.789089708150240821e-01
4.520946229136879047e-01
-6.292726020627961159e-01
-7.558469973673449527e-01
9.049477047041959432e-01
-6.169989703873093312e-01
-2.887969829488108431e-01
2.128914582076286699e-01
-3.941156888371714739e+00
-2.372309140847214337e+00
3.386433077588593576e+00
3.827637912953122168e+00
6.552164174594133916e-01
9.065804269515091995e-01
-5.246134913870281746e-01
-3.776335347134871956e+00
-2.080259905767009254e+00
-3.069171818844529942e-01
3.579885589872114915e-01
5.331872629107454742e-01
9.345668661161565804e-02
7.107700546784393447e-01
3.048620162173534709e+00
1.610360728344582437e+00
-3.982564262252545895e-01
-1.261776391580823109e+00
1.849595592946240430e-02
3.201942524508785581e+00
9.345279365643847092e-01
-2.716281378908713240e+00
-1.698231677249641525e+00
1.186864067934628286e+00
2.468411906157207625e+00
4.207155709650528541e-01
-1.772230468019124761e-01
6.694257505362098959e-01
-2.603748351175002362e+00
-2.929059018800923564e+00
4.610322634080951665e-01
2.035316192020304893e+00
2.136136202621954361e+00
-1.103957239565671822e+00
-4.034020473417814223e-01
1.345323350081905289e+00
2.412935209866835518e-01
1.881581884904642843e+00
1.045621690937862169e+00
-1.385128024461246943e+00
-6.049308749269977081e-01
5.386215300580075027e-01
6.321822599542684662e-01
6.157696712950269102e-01
-2.182329506368719585e+00
-2.223442699817856916e+00
-4.185268009858753580e-01
-1.698529220367945847e-01
-1.554620892203292692e+00
3.351990620527882658e-01
1.080745889173684970e+00
-1.053326556720696638e+00
-3.407398018838546649e-01
5.754405910406634739e-01
1.935419861716956902e+00
9.712323585996154307e-01
-3.739198642087346869e-01
-2.218752348013619979e+00
-1.250752513298818425e+00
8.920457065999810586e-01
1.585111902424112706e+00
1.683094112336667614e+00
-3.595175108913821194e-01
-3.322876368410163650e-01
6.562872634369254499e-02
-8.085843673311015056e-01
2.678819397874040442e-01
1.317400619083516577e+00
1.588389179260985440e+00
5.563995436361102165e-01
2.458829666316495466e-01
8.394277741096589640e-02
-1.464697927170006908e+00
-1.423083812533255887e+00
-1.487463111041771757e+00
-5.282994480222946709e-01
6.172754465895529119e-01
2.245707089189566963e-01
-1.357817786226882095e+00
-1.475133254598728350e+00
6.287314568952784288e-01
2.980807409957036302e+00
2.216999650857289339e+00
-2.002067637251605525e+00
-2.209975957835670801e+00
2.193687398041954673e+00
2.965143018350665294e+00
-3.721443347824707204e-01
-7.385147040609483238e-01
3.485631192634301989e-01
-1.659110990589700574e-01
-3.775757595362497776e-01
-1.905014832047950968e-01
-7.613573015661893040e-01
-2.032113234427302961e-01
2.583937604162623636e+00
1.669143348593951082e+00
-2.887809494947819466e+00
-2.267604469724066263e+00
2.561622227831262144e+00
4.117354951540594499e+00
2.394618044493883602e+00
-1.265045627122227456e+00
-1.979867274886694117e+00
-1.786847511904127828e+00
-2.336973363582411700e+00
-6.436276491259405041e-01
-5.834626753419546175e-01
2.009479800328482835e+00
3.805954148120373581e+00
1.428711757176427177e+00
-1.005956713013109738e+00
-6.598517139522444008e-01
-6.922419038773588440e-01
-1.342795170841038832e+00
5.912769708956949755e-01
1.741634683605336242e+00
7.583768047066886675e-01
-5.083753420447191251e-01
-1.925852625201374568e+00
2.918622023650114805e-01
9.784773093172827174e-02
-8.858859169802224542e-03
1.960601897231640578e+00
9.853409431234283478e-02
-9.586329116958254293e-01
-1.352776212963288316e+00
-8.896842666427036139e-01
7.790629104365197621e-01
6.693696814212948265e-01
1.614061545144159560e+00
1.521858470140617925e+00
-8.482248414245977530e-01
-2.575590512365517171e+00
-1.431536703236126140e+00
5.197757624242114183e-01
2.520778168213166914e+00
2.443720195810669349e+00
-2.205820941664006218e-01
-1.635583873848950542e+00
-6.084638775553108392e-01
2.243809380514710239e-01
2.527332337510735938e-01
-3.712268021802348494e-01
-9.186712961390965937e-01
-8.180809143253787719e-01
-3.886890634826062341e-01
1.793511137856024451e+00
2.163158612117666912e+00
1.244783993321716409e+00
2.351171303953815683e-01
-7.643525439808755984e-01
-2.541570997562172085e+00
-1.775541366528923026e+00
1.000300729337855632e+00
1.033986441344137974e+00
6.924014637199205069e-01
1.550179531134802113e+00
4.927183128915955113e-01
-1.681623599248927015e+00
-7.605537976976652903e-01
1.966456899464482655e-01
-4.085558985422526046e-01
-1.402439723062493870e+00
-1.752790596286180058e+00
-8.473729470227082672e-01
3.587655792303521829e-01
2.057217500508441876e+00
2.548723305522459626e+00
1.288651906341738984e+00
3.111493909341600528e-01
-1.500749336506902232e+00
-7.023410934486156165e-01
3.558494107831001507e+00
1.389772142444233305e+00
-1.647389702832192215e+00
-2.199721889518039042e+00
-1.269255168753848917e+00
1.558431643012735179e+00
2.094258198036500929e+00
1.228761724201982819e+00
3.334002339673312054e-01
-1.516702410214614716e+00
-2.314521711935897397e+00
-2.723073406766698956e-01
-1.758526622640333104e+00
-8.017448788455932007e-01
1.664608298969036282e+00
2.626909271070401175e+00
3.060346033007258271e+00
-7.992205894394832644e-02
-1.613082692555539044e+00
-2.642921582481478460e+00
-2.678875950535328787e+00
1.683119698223483729e+00
2.728703452652354589e+00
3.102236741150558585e-01
-2.735192048977883150e+00
-4.466760685902058547e+00
-8.877945043804557068e-01
1.130021617361913755e+00
2.178849173678574669e+00
3.520678054037632787e+00
2.755272485735582588e+00
5.455649148266826787e-01
-1.651389996352004674e+00
-1.654236027892627359e+00
-4.016088557784336377e-01
-2.895399036871353360e-01
-2.127364836186052433e+00
-2.123713410156628512e-01
1.344685645795897777e+00
2.756770393051514390e+00
2.625409564865459622e-01
-2.512998743178930017e+00
-1.336386422573510924e+00
-3.109983770642998913e+00
-8.033823640138337829e-01
3.057683137556954200e+00
2.856391111994494469e+00
2.794289109722655429e+00
-4.763082020621153823e-01
-4.642833806148378706e-01
1.607266015225407907e+00
-1.044012197641122519e+00
-3.518407375022976513e+00
-8.917127574442468285e-01
2.353824504947689356e+00
1.179489176725264654e+00
-9.430422609171927872e-01
1.493624755665885262e+00
1.091624257435510614e+00
-1.406540131124437210e+00
-2.929581953438836095e+00
-2.971498584523256437e+00
-1.097494371691042359e-01
-6.326059757655200233e-01
-4.202733425049234306e-01
3.841118699934959579e+00
4.917981246728521327e+00
2.762335045138506473e-01
-2.332891399707161639e+00
-3.559882668149827456e-01
-7.707940854589483415e-01
-2.336513708919256693e-01
1.418035123055415347e+00
1.326481219013831980e-01
-3.319169060373390323e-01
-7.733012633596154650e-01
-5.207081128629993394e-01
-1.184965051988961848e+00
-2.030499397583866994e+00
-2.780393652760839718e-01
-8.356950179831053038e-01
-4.501053138150351574e-01
1.213642867683779603e+00
-5.722005973654589184e-01
-2.930526420465912274e+00
-4.990296014656122603e-01
3.327861624643054572e+00
2.433611142329915822e+00
-8.427131323917567141e-01
-1.064194845618156249e+00
-1.802980508561981554e-01
-2.284438157607237285e-01
-5.145325076407946119e-01
4.005514518136790714e-01
-1.466163377925266964e+00
-2.878391193730114317e+00
7.102263461165968517e-01
9.310488202361995036e-01
-1.539702786356922926e-01
2.058413384952074487e+00
2.451591524950555989e+00
3.533425016037401445e-01
-1.049410128948686127e+00
-1.749169449051059422e+00
-2.096663279704567895e+00
-3.017677726039146302e-01
2.014885726161228519e+00
-3.092678400173067832e-01
-2.702268570033815376e+00
-7.177756014841947252e-01
9.008438074369033988e-01
2.419675318847818613e+00
2.795895516532050706e+00
-6.914072448565902196e-01
-1.403423008533603467e+00
1.298333447220035186e+00
6.502241752693156407e-01
-7.922094716771631573e-01
-3.069540391475777064e+00
-1.443056762147140848e+00
8.776327065551132733e-01
-6.408760346680912878e-01
1.376076670936660640e-01
8.347063814378533619e-01
-2.194023946608638087e-01
-3.960161045651076073e-01
9.204798210564740790e-01
-4.607780168801753895e-01
-2.126885870676078483e+00
4.270023249474272919e-01
1.610046961519058240e-01
-4.439030006845884890e-01
7.976825223652219687e-01
1.972037915318920476e+00
1.933248623797902299e+00
5.462048641188443909e-01
-3.200242493618667972e-01
-4.078540361288403027e+00
-4.890995539244595847e+00
-1.584506077923835687e-01
8.667183659668075135e-01
8.708811340928195310e-01
2.210569717587679950e+00
6.526823102166796620e-01
-1.285199624136618146e+00
-5.839569467506383615e-03
1.000096744130851256e+00
1.446702585568693689e+00
1.190519051866766542e+00
-6.014170681671594521e-01
-3.166254466472506301e+00
-5.310367474538617572e-01
6.515712815353793541e-01
-2.319126828321593337e+00
-2.545528903447536351e+00
8.405348618252705961e-03
3.094751964600965799e+00
2.363689911804396804e+00
2.349595908337026862e-01
-2.411124546527005919e+00
-2.192098162750697909e+00
-1.167337082539837700e+00
3.668296100909225199e-01
2.264604749732276101e+00
1.337716336395852412e+00
9.712435831676375919e-01
1.613748479057374174e-01
-1.353818977991584571e+00
-1.899438726346623474e+00
2.545089478218806600e-01
-8.585156134187310606e-01
-8.041256554056297468e-02
2.282782418763646515e+00
4.788859422318230141e-01
-2.999347958413016713e-01
-1.607679609873866600e-01
-1.426954120771355194e+00
-9.830499048635710224e-01
7.844864727024737361e-01
3.944045099984845315e-01
-2.819903285101279522e-01
2.453705127723041501e-01
3.451934965153058865e+00
1.880432801314088298e+00
-2.882020851752700175e+00
-2.609092080557927407e+00
-5.495593962287224077e-01
1.932037128318333963e+00
8.610139056648089539e-01
-9.694695348850127514e-01
3.843618701726503883e-01
-3.907585696712309042e-01
9.314914725551859398e-02
5.141089447147596525e-01
-1.693456336022635123e-01
9.707617689571440556e-01
-5.931181818290597318e-01
-1.329806963988414914e+00
-1.692159549402422636e+00
-1.926629668175894317e-01
1.682168332391058341e+00
5.943966717080513273e-01
3.815580183161036976e-01
-6.339222554235353080e-01
-1.299622488274341237e+00
-3.599487357631611095e-01
9.859339819991794762e-01
6.840766031809853986e-01
3.208147176423949976e-01
-1.167663634819541052e+00
-1.376020555825864466e+00
5.528829746305661264e-01
2.179716822988809977e+00
2.575166324719942335e+00
1.100115118311193019e+00
-1.095269942840307875e+00
-2.166575277697222912e+00
-1.112091134033696749e+00
-6.173081373430457930e-01
8.192378208382663507e-01
5.658363908173735801e-01
-5.063384077809907069e-01
-8.066592238753229616e-01
-1.045873506804789743e+00
-5.469815935978119548e-01
-1.297130297911043506e+00
-8.846056026061200894e-01
7.545247162091935911e-01
5.230628107004744454e-01
3.163662079069882171e-01
5.979022156946507405e-01
2.166367010883664790e+00
1.777035799857770604e+00
-1.300642154860733646e+00
-2.228891237007459836e+00
2.963620028610689516e-01
8.584587636835186997e-01
5.884981331222655099e-01
-4.362125084470496184e-01
-9.902507918462044589e-01
-8.871917401382933832e-03
-3.844251884253474527e-01
-3.071171138467232442e-02
