161119 34.3973 23.29930 14.23528 11.41112 15.91837 14.70646 59157.32 4445.207 21.71025 57.03276 0 22.22222 805 467 807 452
161127 17.36507 29.32838 8.234897 9.314884 13.63636 16.08324 59503.97 5267.598 20.44278 64.62264 0 0 182 140 184 144
161143 32.64324 9.226386 42.40631 13.54372 28.83436 14.59559 60569.92 5482.922 18.95419 53.94191 0 0 566 357 571 337
161150 11.90953 13.88309 3.796973 11.44311 11.11111 14.38939 58334.11 4165.093 21.63539 49.06103 0 7.142857 573 424 573 395
161168 36.88889 12.1875 76.875 7.604167 43.58974 13.90568 63153.64 4324.902 18.77984 52.38095 0 0 62 15 65 8
161176 20.93149 28.02351 4.643221 13.80816 15.37849 14.97755 66970.55 3916.104 24.51914 44.91578 0 2.380952 2234 1452 2247 1348
161192 53.26898 8.447858 19.37483 37.90533 25.52553 14.67829 57621.95 4270.903 22.21278 32.28916 0 12.12121 1363 491 1364 477
161200 15.19009 3.665781 2.649680 13.09207 6.203008 13.66197 63447.4 4309.734 24.59026 30.45267 0 0 904 579 912 565
161234 28.21582 10.43042 6.786374 32.3343 13.46154 16.41760 57845.64 4527.603 21.74138 22.64574 0 0 519 218 525 205
161242 32.77897 17.17831 12.48493 28.32329 27.25989 12.51864 57801.41 4648.917 20.26010 26.07099 0 0 1071 514 1067 469
161259 59.97293 17.51736 50.94093 23.10134 52.34344 16.93283 57434.44 4693.069 21.31489 19.53216 3.296703 13.18681 2964 830 3016 784
161275 0 19.74886 1.864536 2.587519 7.407407 15.86979 52193.46 5248.693 18.51182 80.37975 0 0 235 204 235 209
161291 28.12111 12.69201 19.26582 26.84197 13.37209 14.42864 57240.45 3980.589 21.89844 31.65829 0 9.090909 547 241 556 195
161309 36.99047 10.03236 15.42302 30.74434 13.50763 13.29753 58413.74 4197.615 23.12943 31.15079 0 0 685 315 688 206
175093 12.92796 7.172996 4.825949 13.23840 6.185567 17.47108 65570.86 5382.009 20.68333 34.83146 0 0 259 179 252 136
175101 4.700895 8.736718 1.745657 6.932029 7.127883 16.18176 67367.55 4607.673 24.65106 39.63415 0 0 922 765 925 694
373981 20.25979 0.4857445 0.8025343 5.976769 2.439024 15.30949 51311.63 4025.593 24.82292 36.19403 0 91.66667 377 249 377 204
461408 42.66827 2.836879 0.9456265 23.87707 10.63830 11.83962 55990.32 5151.626 17.91209 24.44444 0 0 66 40 69 31
461424 33.12923 6.305412 2.766154 12.86616 6.17284 14.60144 58558.6 4004.401 22.73008 49.65517 4.347826 26.08696 1089 632 1092 601
461432 29.39297 1.071155 0.765111 9.716909 4.477612 14.04527 53772.3 4518.034 21.18506 51.02041 0 0 116 82 115 64
461473 52.99313 6.217371 0.3322259 38.72805 7.619048 14.17395 50695.12 4114.065 20.41136 23.27586 0 0 137 58 139 51
461531 35.08836 0.8292167 0.388144 4.622442 4.135338 14.30221 55278.74 4148.228 21.91947 25 23.07692 15.38462 439 241 449 220
561564 37.20441 0.5699482 1.113990 6.321244 5.357143 13.60247 50668.49 3975.448 24.86918 22.97872 0 8.333333 312 175 309 151
661598 54.26829 0.5497862 0.5497862 40.74527 7.407407 14.87105 52537 4205.362 19.44511 36.28319 0 0 115 46 116 36
661614 65.82397 0.2640845 3.873239 58.89085 6.557377 10.92652 46291.79 4469.798 19.52548 37.93103 0 0 80 29 81 15
661622 78.54077 1.282051 0 78.4188 20.83333 11.47788 49267.19 3893.337 21.12311 19.23077 0 0 66 7 66 5
761648 30.07553 3.626196 10.50386 20.94431 8.66575 13.69108 62341.2 4011.390 23.88905 23.85445 0 72.22222 1252 676 1259 541
761697 28.24601 6.893424 19.81859 16.78005 12.74510 15.91555 59176.53 4225.738 22.18379 18 0 0 188 94 190 86
761739 22.33375 2.523732 3.310952 14.03103 10.30928 16.15686 59230.72 4114.418 21.74332 34.42623 0 0 323 210 322 142
761754 22.62465 7.697888 4.902207 16.77688 9.421586 15.32368 57128.58 3928.696 22.14162 37.63838 0 0 2390 1482 2394 1365
761788 51.78493 4.598930 27.79679 35.10160 30.02481 15.97489 58788.93 4049.181 22.87300 85.11166 0 8.333333 646 239 648 201
761796 51.23848 13.02024 35.10118 25.52703 25.82688 17.18977 62664.1 4347.936 22.8705 36.5 0 8.474576 1909 668 1949 585
761804 1.895322 9.925228 1.633719 4.276349 4.503464 15.92369 59976.94 4035.189 23.34687 50.74503 0 0 1420 1235 1417 1247
861820 42.51143 6.252442 0.4103165 10.17976 8.076923 14.70948 58233.81 4733.28 20.67364 15.50388 0 0 396 210 403 165
961903 45.42344 1.501194 0.9041283 26.27090 5.338078 14.35703 55740.14 4323.754 21.53458 86.722 0 0 337 172 329 135
973783 30.16965 0.7973734 0.5159475 2.251407 1.904762 14.23233 51822.37 4030.978 21.47295 32.45614 0 0 188 132 193 106
1062117 23.43337 11.75065 2.871447 19.03101 15.94416 11.87890 53158.07 4242.702 22.70517 40.50633 0 0 2295 1584 2267 1496
1062125 57.9224 0.871731 0.6475716 68.74222 18.93491 11.19787 61085.44 4258.425 24.4786 14.83516 0 0 277 89 272 68
1062158 60.59908 7.196613 0.8466604 72.34243 24.76190 11.83632 51537.34 3807.79 21.07004 38.7931 0 0 146 50 144 55
1062166 62.01977 19.65177 11.31566 45.23962 23.40485 14.67996 61095.3 4685.643 22.25973 27.47559 0 31.11111 4973 1641 5018 1455
1062240 35.60339 2.518757 0.375134 67.73848 7.913669 15.34516 54702.22 6836.694 21.14435 41.57895 71.42857 0 195 109 196 84
1062265 63.17132 1.40625 0.6009615 71.35817 16.79198 14.46149 55184.78 4478.657 22.25652 16.78657 0 6.25 614 178 617 136
1062281 72.91667 1.238739 0.5630631 70.04505 3.921569 11.55763 39728.35 3899.132 18.23651 13.04348 0 0 62 12 64 6
1062364 91.60484 0.2143623 0.1071811 98.821 62.18487 11.92754 55527.29 4223.126 21.68654 13.38583 0 40 190 27 189 21
1062414 57.00249 4.322917 0.5859375 70.66406 23.48066 14.00443 52155.26 4382.061 21.71153 23.02326 0 0 550 198 552 132
1062430 69.6452 3.972303 1.020408 76.71283 27.6 13.01188 53531.64 4180.037 22.50103 14.69194 0 0 284 114 290 78
1073809 87.83718 0.4054054 1.216216 90.45045 32.40741 10.37561 51400.56 4317.728 20.49057 30.85106 0 0 143 26 146 16
1073965 49.25084 10.15299 7.874184 42.32374 16.53944 10.08090 54568.74 4006.118 22.59174 37.66667 0 76.92308 581 221 585 211
1073999 69.49807 5.350028 0.3130336 70.43256 22.64151 12.32314 54546.01 4283.101 22.15424 40 0 60 265 85 274 82
1075127 87.77725 0.5334627 0.5819593 97.76916 40 12.20753 60303.18 3933.777 25.6375 47.16981 0 0 151 14 155 16
1075234 86.54599 1.713710 0.2016129 92.2379 26.08696 14.58066 62758.26 5242.8 21.72113 19.17808 0 0 143 24 144 35
1075275 21.60468 0.5405405 0.2910603 7.484407 1.526718 17.11242 62522.82 5879.966 19.48512 26.37363 0 0 143 102 143 90
1075408 64.85075 0.6671114 3.068712 64.50967 14.92537 11.36918 47732.57 3511.9 21.48872 10.66667 0 0 67 24 67 23
1162661 53.125 21.75227 0.9063444 20.74522 4.651163 15.73608 60020.66 4325.154 24.48113 47.11538 0 0 138 68 138 76
1175481 44.97466 1.348412 0.8264463 33.18834 5.932203 16.25328 55653.8 4602.903 20.85538 49.19355 0 0 186 78 183 73
1262901 76.32121 0 0.6559767 2.842566 30 14.78554 65665.47 5770.566 19.64964 25.92593 0 0 90 37 88 38
1263040 33.91672 0.7147498 1.169591 2.988954 0 15.79261 56055.94 4427.872 21.31544 44.70588 0 0 114 67 109 23
1275374 11.71617 0.5 0 4.666667 0 15.51220 54645.67 4893.857 20.32154 34.14634 0 0 59 40 59 40
1363073 54.25667 0.5188067 0.2779322 80.21123 35.04274 14.95651 66530.25 4304.715 23.78075 33.89831 0 0 372 104 373 67
1363099 43.95482 1.432902 0.0551116 97.51998 70.09967 14.58775 67370.06 4266.618 23.57191 15.82569 0 0 495 89 506 91
1363107 74.30168 0.4219409 5.555556 71.58931 40.57971 12.21709 53519.74 4518.243 20.625 29.41176 0 0 99 32 98 36
1363123 62.10008 1.554243 2.9427 82.64429 33.41289 15.20630 66125.09 4453.164 23.32139 31.30288 0 0 560 162 578 133
1363149 63.91804 0.3990025 0.1496259 70.47382 26.88172 11.60701 56622.57 4245.811 21.68514 32.14286 0 0 158 41 162 19
1363164 39.94452 0.7492287 2.688409 60.77567 24.5283 9.224783 51167.03 3708.859 20.85687 34.92063 0 0 179 66 179 75
1363214 76.8279 0 3.005780 31.09827 20.40816 15.31852 60141.08 5355.161 18.99177 19.35484 0 0 49 14 50 4
1463255 25.58849 0.7623888 0.5082592 11.01228 5.454545 16.50992 59805.55 4349.222 23.45035 40.71856 0 0 171 106 170 126
1563404 68.64343 0.7808143 1.728946 76.8879 31.81818 12.21163 58861.69 3714.92 25.99096 14.03509 0 0 520 78 550 104
1563677 40.599 1.107011 14.87085 24.53875 7.627119 15.24427 63042.2 4572.615 24.41998 32.48408 0 37.5 190 63 187 45
1563685 31.86047 2.014723 12.43704 7.477722 9.848485 15.32667 63498 5767.594 20.30722 32.8 0 0 170 87 167 75
1563776 49.35103 1.697439 8.219178 31.98332 9.45946 13.08426 58159.2 4284.445 23.42700 15.49296 0 33.33333 216 97 219 68
1563800 51.46237 0.3612479 0.7553366 17.76683 2.739726 14.43697 62633.1 5763.701 21.05658 17.79141 0 0 195 80 193 58
1563826 24.99504 0.4204204 2.722723 17.39740 4.524887 14.79 60455.09 4308.128 22.87165 29.72973 0 0 322 213 324 156
1563842 65.89027 0.4718152 4.395332 78.91731 21.10092 14.93269 61803.9 4139.937 24.51174 14.01515 0 0 250 55 255 43
1573742 32.59873 2.233486 4.79962 10.89815 5.629139 14.35102 62453.15 4537.569 22.04157 38.66279 0 0 458 256 463 208
1573908 81.96457 0.3115265 0.2336449 92.01713 31.89655 13.13246 55369.86 4428.046 22.50856 23.68421 0 0 199 28 200 18
1575168 37.83202 0.3584229 0.860215 13.69176 8.333333 10.38143 55942.07 4098.994 24.92174 0 0 0 91 49 91 47
1663891 64.27918 0.4638219 4.050711 79.37539 17.36111 15.31545 66404.2 4605.861 22.67635 15.58442 0 0 191 61 197 45
1673932 86.49362 0 0.7340946 89.96737 15.59633 11.06066 57641.57 4543.492 21.75277 26.19048 0 0 153 28 161 14
1764014 45.57020 0.9541985 1.335878 22.08969 7.207207 14.75781 54040.6 4832.32 20.08333 50.9434 0 0 162 91 165 91
1764022 73.609 0.8296107 5.966816 9.60434 6.329114 13.7825 54439.95 4354.388 20.61290 10.60606 0 100 201 66 206 52
1764030 46.29523 0.6597031 1.869159 15.66795 3.448276 15.13131 58962.14 4361.361 21.41705 28.42105 0 0 146 88 147 85
1764055 26.79575 0.7237636 0.3618818 8.685163 1.204819 11.29516 50096.41 3932.39 19.15049 40.69767 0 0 120 76 116 77
1764063 52.91709 1.732926 2.854230 8.25688 6.25 14.98707 59995.4 5022.533 21.89956 37.70492 0 0 60 30 61 23
1864204 41.9708 0 0.5714286 9.142857 3.030303 17.90429 55176.85 5259.958 18.96552 18.18182 0 0 42 15 43 8
1964212 30.50552 32.46542 10.40141 32.65980 36.00406 15.25756 59289.09 4219.665 22.57679 49.73262 0 3.333333 1579 837 1599 879
1964261 8.362214 52.59396 1.213040 9.888444 8.900524 15.98201 64415.47 4166.218 24.27460 60.84011 0 27.27273 771 540 771 640
1964279 70.73827 0.9595613 3.152844 78.94106 25.95573 14.49885 64611.03 4379.243 23.98186 19.42446 0 11.11111 794 191 800 200
1964287 62.87168 4.72375 1.793829 85.46998 27.21202 15.06211 67839.96 3819.118 27.50542 26.77165 0 0 972 272 1029 268
1964295 79.6766 2.102924 2.102924 89.14344 45.6 14.39982 62084.61 4432.065 23.55966 20.98765 0 0 395 71 399 108
1964303 49.17215 5.575448 18.15857 38.48009 12.27437 13.04228 58550.52 3988.183 23.88522 17.99729 0 7.142857 927 287 927 260
1964311 9.733488 10.93985 3.571429 4.097744 10.81967 18.2 62455.76 6015.758 17.72469 61.88437 0 0 417 329 417 346
1964329 25.84395 5.866005 4.823821 27.58313 9.501188 16.89201 62021.76 4054.136 24.11424 51.76471 0 0 803 450 804 426
1964337 37.6798 5.688124 2.774695 36.95893 13.16667 14.46938 62400.43 4138.196 23.95766 32.4291 0 5.263158 995 517 992 436
1964378 23.94770 5.265554 4.871017 36.61608 11.76471 15.32254 61534.67 4024.875 24.12297 38.72549 0 0 459 271 464 209
1964394 20.80702 10.11185 12.00121 20.87364 11.70886 13.90775 61447.66 4401.148 21.54203 53.16973 0 0 482 323 483 338
1964436 37.64495 8.548446 5.798903 50.82998 14.25993 13.90046 62290.03 4265.807 24.2564 42.08443 0 0 955 458 958 450
1964444 33.51168 10.20237 17.91269 36.81218 18.65079 15.38502 62132.02 4282.612 22.95729 41.17647 0 0 386 174 388 144
1964451 42.84095 5.595576 4.80418 63.33705 14.59948 12.29348 64631.93 3979.219 25.14150 23.26733 0 0 1300 637 1312 538
1964469 61.40009 2.775971 13.20755 61.96053 30 16.06842 59303.74 4179.698 25.22527 15.01597 0 0 267 85 273 71
1964527 68.0851 0.683527 0.580998 94.48052 51.81452 16.27428 65653 4338.243 22.49503 33.67003 0 0 662 152 682 130
1964535 13.80008 6.320789 3.397881 14.87030 4.761905 11.92766 57362.05 4718.115 21.28874 38.99371 0 0 209 146 212 125
1964568 50.67402 12.12724 1.119947 23.8668 12.23958 13.22109 73039 4224.937 26.67020 26.38655 0 34.48276 2339 1123 2327 1326
1964576 14.82624 4.119138 1.292776 16.56527 6.329114 14.99266 63784.61 4130.35 24.90064 33.6 0 0 556 350 584 339
1964634 69.00829 0.1925546 43.09138 55.36819 63.43907 15.01983 63040.99 3748.33 27.40275 38.88889 0 57.89474 1095 296 1111 222
1964659 1.421801 26.20056 0.5414313 3.060264 8.205128 15.02579 63791.63 4705.506 21.59624 66.18182 0 0 326 293 326 287
1964683 2.971741 7.57133 1.366449 4.975937 7.024793 17.00701 64749.85 4414.05 24.23913 60.62323 0 0 825 693 828 671
1964725 64.2387 14.16632 20.33687 40.48983 29.10875 13.30980 59298.18 4210.309 22.98312 41.37823 2.325581 19.76744 5645 2145 5677 1930
1964733 73.18394 4.308746 13.79525 68.52417 45.46139 20.54574 73073.07 4365.276 23.42095 49.30618 2.321981 32.19814 38418 10373 38852 9324
1964774 59.29694 0.224649 12.05616 86.5273 52.48714 15.79301 67063.02 4064.954 27.05961 15.08475 0 50 951 171 939 113
1964790 56.89858 1.915122 14.06465 48.07722 17.54386 14.42588 57193.3 4017.302 22.55472 25.94752 0 11.11111 398 183 401 144
1964808 75.0343 4.879927 0.4471292 90.5185 59.52981 16.92341 67605.91 3810.285 27.99578 28.54167 0 25 2025 466 2093 377
1964840 44.02203 4.939493 5.01597 62.97629 29.22002 15.62108 60665.56 3616.505 25.62582 21.50866 0 7.142857 1425 513 1436 388
1964865 1.943602 30.02693 1.723209 3.941842 7.474227 18.94287 59821.21 3946.788 24.11441 89.13043 0 0 680 551 678 597
1964873 58.22835 1.783620 14.61458 75.7082 35.24845 11.80146 63190.71 4370.215 24.5058 5.430712 0 73.33333 1080 248 1088 185
1964881 61.8811 2.22193 32.00543 47.11193 42.18415 14.27299 64584.04 4443.599 23.86713 39.65517 0 0 1348 404 1352 365
1964907 73.5053 6.393463 11.23378 71.20447 48.69857 16.68337 65628.77 4007.186 26.04422 8.27719 0 23.68421 1986 616 1983 575
1964964 0.2653400 63.20234 0.4871712 3.345242 6.944444 15.90786 57543.38 4619.277 22.17736 78.1893 0 0 265 215 265 246
1964980 26.09065 5.531472 8.617999 27.07647 22.2664 15.87400 65963.43 5063.35 22.31528 65.10638 0 0 735 500 753 429
1965029 11.67883 32.08936 4.467806 18.21288 13.01775 16.19645 61169.62 4043.499 22.99094 64.07407 0 0 300 228 300 234
1965052 27.32198 38.10775 1.445466 20.36794 7.359307 13.7875 59417.3 4035.891 23.64895 31.56499 0 0 384 246 376 237
1965060 17.70193 28.47688 3.996755 15.83330 19.65726 13.31861 59555.29 3822.103 23.78323 45.95661 0 0 1726 1105 1732 1108
1965094 47.30717 9.43911 9.122654 58.16237 17.52022 13.90339 56841.37 3907.338 24.42266 29.06178 0 0 629 233 627 194
1973437 78.42391 0.05453864 35.72962 62.92736 80.17493 14.79315 58991.42 3743.125 28.09997 41.78905 0 2.564103 1810 308 1843 258
1973445 40.23607 16.39995 2.539347 67.97602 28.90365 17.39357 62325.3 4103.139 25.05607 38.67849 0 0 1636 622 1647 609
1973452 33.85063 18.78119 6.688608 55.35089 29.18239 16.1731 62277.31 4369.675 24.44574 30.26188 0 0 1204 554 1213 606
1973460 6.196674 42.31389 5.721689 18.18054 17.73649 14.82445 60555.24 3982.78 24.25086 57.78547 0 0 1162 802 1171 831
1975291 53.4557 36.40237 1.889589 43.47907 22.06573 14.12308 57663.26 3814.974 23.16667 0 11.11111 0 320 173 319 185
1975309 28.17235 1.443203 1.722533 11.91806 7.446809 11.72804 58880.17 3806.893 24.82222 0 0 0 191 124 192 109
1975333 7.197273 7.00382 1.819174 8.659269 7.936508 15.21719 64224.89 5093.928 21.58711 43.08943 0 0 296 263 299 242
1975341 25.63993 7.277444 5.188422 23.18405 10.24845 16.50521 68096.37 5006.776 22.47522 51.54062 0 0 488 303 489 298
2065193 59.28721 0.9413778 2.524604 41.63457 6.666667 12.20542 53265.82 3873.24 23.55149 25.40984 0 0 147 71 159 48
2065243 60.0239 1.152145 3.543626 67.3538 26.82927 14.05485 56274.59 4064.557 23.45833 31.99405 0 45 1101 374 1130 362
2165417 14.79229 4.893837 2.770585 11.10823 3.562341 16.62018 53794.99 4365.513 20.39636 48.08511 6.25 12.5 558 407 564 412
2165458 34.76768 7.884136 5.198542 36.17878 8.536585 15.19114 53336.38 4458.969 20.96682 53.59281 0 0 278 161 277 144
2173361 0 0.4801921 0.4801921 28.69148 7.407407 13.72615 60992.5 6459.384 16.40535 26 0 0 52 36 52 28
2265532 27.00072 0.5113221 0.2921841 6.208912 1.459854 15.59845 51692.82 4183.603 21.53846 29.80132 0 0 223 140 225 112
2365540 55.9322 0.8403361 1.344538 45.37815 0 12.756 48855.96 6406.862 14.31604 44.73684 0 0 38 23 38 21
2365565 37.29968 1.162791 0.4152824 19.68439 2.272727 17.13074 56336.78 4990.487 19.47287 25.89928 0 0 188 103 188 98
2365615 46.92754 0.969469 1.114166 22.81869 4.848485 17.4015 64535.71 4838.431 21.34488 33.33333 0 36.36364 492 241 489 240
2365623 46.53846 0.8461538 0.6923077 11.57692 2.985075 17.472 56568.13 4611.976 20.82808 26.38037 0 0 170 90 171 67
2373916 56.33117 0.5172414 0.6896552 3.965517 4.651163 12.49787 48867.6 6578.053 15.73298 34.21053 0 0 34 24 33 13
2465698 37.78899 1.586639 0.2922756 17.32777 11.71171 13.41706 58102.55 4361.619 22.78612 20.8 0 16.66667 181 63 183 60
2465722 41.43167 0.9155646 0 84.13021 25.58140 12.77143 55709.23 4140.527 22.18527 24.74227 0 0 46 4 48 14
2465755 50.92824 1.244953 4.862046 53.17968 12.1673 12.07816 55074.62 4075.188 21.77028 33.93502 0 50 454 141 455 123
2473619 52.40793 0.6143345 0.9556314 50.44369 8.333333 11.98961 53609.9 4080.966 21.15774 49.27536 0 0 106 29 108 23
2475317 60.91821 0.1568013 6.31125 61.70129 15.44118 11.49135 54802.7 4750.999 18.81218 19.59459 0 0 179 48 181 33
2573585 33.27773 0.75 0.75 10.41667 1.612903 11.68088 55854.74 4786.679 19.22953 32.78689 0 0 94 47 94 37
2573593 64.85084 0 0 52.38095 4.761905 12.95532 50840.07 4851.063 18.40095 45.71429 0 0 47 15 47 19
2673668 45.93373 0.3100775 0.7751938 14.10853 2.222222 14.03431 52320.31 6283.433 14.66970 76.92308 0 0 39 24 40 24
2673692 21.84007 0.5828476 0.08326395 21.81515 4.83871 14.98485 60159.44 4806.483 20.59423 42.85714 0 0 92 58 93 45
2765987 10.70682 2.977162 1.305057 7.544861 4.8 17.29423 69887.39 5676.651 20.67854 55.92105 0 0 202 156 201 149
2766092 40.13453 8.813424 15.63724 25.22573 17.65705 19.47192 61011.63 4496.243 20.60704 28.90792 0 95.2381 761 365 773 255
2766134 14.27955 4.711581 1.893439 7.089388 2.941176 17.54195 63909.55 4756.384 22.63210 48.17518 0 0 157 116 154 105
2773825 40.66667 1.844262 1.285395 49.23621 20.15810 14.68534 56619.21 4356.072 21.57957 60.59783 0 0 353 124 357 107
2775473 67.26937 0.2738788 0.4108182 86.51147 24.19355 11.88684 58893.12 4200.852 24.90864 11.30435 0 0 161 43 163 60
2866241 45.67023 0.6825939 0.3412969 47.09898 4.545455 13.51122 54344.89 4650.725 20.97387 50 0 0 62 31 61 21
2866266 32.70906 1.396074 1.776254 26.488 6.388527 15.47587 54785.13 3912.949 21.83841 29.25258 3.333333 0 1171 656 1198 587
2866290 34.43425 0.7380074 0.4305043 37.45387 14.63415 15.64778 51434.44 4386.959 21.20205 44.14414 0 0 113 62 112 58
3066449 16.15780 8.398994 2.179380 21.62615 4.897959 15.22727 57193.42 3825.952 25.22776 40.72022 0 0 449 323 455 300
3066464 17.33803 4.709514 1.580624 16.95375 9.391933 12.69992 60779.38 3802.974 23.00043 44.82558 0 10.52632 2686 1934 2692 1804
3066522 48.15608 28.71155 1.291070 44.05147 11.48612 15.67656 65184.42 3835.549 24.67322 20.3813 0 0 2986 1224 3007 1473
3066555 9.316273 1.883830 1.216641 9.22292 7.619048 16.90641 70274.37 4481.474 24.26357 74.28571 0 0 188 154 188 145
3066597 39.02544 4.683563 1.235117 34.12381 4.426788 16.00117 60202.04 4349.231 22.48276 42.87149 0 0 1186 759 1186 688
3066621 36.01998 10.88242 2.085541 36.82177 9.424084 16.81767 56415.11 3586.935 25.44882 47.33026 2.564103 12.82051 1989 1054 1991 1035
3066647 21.01388 8.124397 1.888460 25.92012 11.39742 15.15302 63101.53 4172.242 24.71715 36.56174 0 0 1873 1180 1875 1238
3066670 73.27723 4.408512 1.079825 90.79082 26.48752 14.97092 69824.54 4102.145 25.03219 21.72937 0 56.25 3331 666 3391 610
3073635 10.53450 8.401664 2.167491 14.81068 6.056435 14.97990 60372.2 3840.866 22.19101 53.79189 0 0 2363 1654 2363 1607
3073643 29.86897 8.276043 4.655274 41.6814 5.263158 13.01412 57831.15 3629.530 24.16947 39.59538 0 0 1053 569 1074 526
3073650 10.51650 25.16370 3.039764 7.41078 9.255725 16.09776 62550.98 4352.488 22.65816 0 0 9.67742 1795 1400 1799 1421
3073924 11.60025 8.99128 3.111006 11.53665 10.13333 15.09307 67284.94 4726.529 23.19879 49.59217 0 10 622 491 621 416
3166944 23.35644 0.627574 0.4314571 17.70935 6.617647 13.59359 49513.03 4638.098 19.67842 44.13146 0 0 357 243 358 204
3166951 28.66097 0.5628095 1.440792 17.42458 4.878049 13.33273 42658.39 3503.698 24.26859 27.46114 62.5 0 194 95 182 49
3175085 17.13624 3.538945 1.372581 6.664462 4.651163 11.19239 52654.82 3596.095 23.04330 0 0 0 438 346 445 276
3266969 36.66211 0.6635333 1.216478 6.856511 2.717391 16.15405 56500.12 4912.702 21.23209 33.19328 0 0 289 182 288 132
3366977 42.29029 4.021226 7.222877 47.15802 17.24138 13.00708 62390.7 3758.198 25.18195 41.66667 0 70.58824 1079 356 1078 280
3366985 75.52987 13.36851 13.85224 36.69745 20.29703 13.81733 60074.78 4456.322 21.89966 41.81818 0 12.5 316 95 335 54
3366993 58.74644 1.151316 3.426535 34.64912 9.027778 15.96616 59270.44 4070.74 24.75627 26.25 0 12.5 219 103 219 53
3367033 41.51139 3.604238 4.644538 41.77843 11.37321 13.54297 64063.46 4083.554 25.23114 34.63727 0 34.28571 2104 989 2122 849
3367058 55.99125 1.264684 2.467791 60.04168 15.80882 12.68737 64123.52 3937.206 25.2138 43.17181 4.347826 0 1428 486 1434 387
3367082 62.40778 1.435897 2.666667 29.23077 9.03328 15.50251 59735.05 3916.537 24.51756 21.42857 0 5.263158 1090 534 1085 456
3367090 50.21092 1.388811 5.304256 53.2545 23.78976 13.27531 62068.72 3826.458 24.66667 26.38353 0 4.166667 1177 424 1199 300
3367124 43.06891 3.265436 23.67600 35.35328 23.12358 14.01194 58401.16 4173.917 24.09220 25.59242 2.857143 22.85714 2269 885 2300 644
3367173 62.50497 1.157494 5.942876 53.49124 8.933333 13.07002 57242.97 4143.368 24.20104 13.75405 0 9.52381 1210 460 1226 319
3367181 55.91289 0.6329114 10.52215 52.08333 10.79545 14.11026 61885.48 4694.474 22.19581 20.93023 0 0 233 75 238 93
3367215 47.23435 3.598305 10.32666 40.11093 21.7477 10.97662 61445.65 4384.205 23.56853 33.77246 0 19.04762 2371 1091 2388 860
3367249 64.1791 1.007308 3.851471 50.81967 7.446809 13.11981 58040.66 3564.449 26.02162 11.93182 12.5 25 306 92 306 92
3373676 85.51459 0.1381215 0.2762431 96.16713 36.46532 11.92077 61385.59 4099.012 25.27964 13.54680 0 0 838 92 862 86
3375176 38.11647 1.790807 4.072428 30.11209 11.41869 13.05375 62326.66 3960.634 25.39694 25.38330 0 83.33333 994 457 990 307
3375192 18.16999 1.957028 3.825099 17.78432 8.097928 12.19485 64156.11 3664.265 25.5498 25.86806 6.25 81.25 1028 617 1029 587
3375200 18.21645 2.105698 3.437242 17.84682 15.19337 9.219296 59134.67 3774.601 25.86148 38.25666 0 100 669 408 674 290
3375242 54.84387 1.897597 23.57961 45.82304 21.23894 10.90779 58447.44 3799.078 25.54149 31.80212 0 0 647 214 656 177
3467314 36.94477 15.21258 19.09346 16.26987 17.40431 12.27789 58331.63 3762.583 23.11697 29.58015 0 33.33333 2805 1318 2817 1239
3467330 26.11432 5.308799 9.912578 8.671743 9.722222 14.26319 51104.65 3845.847 22.19777 27.70919 4.347826 30.43478 957 584 957 555
3467348 33.11538 1.770956 1.180638 35.72609 9.166667 11.77256 51742.2 4581.189 22.21333 23.98374 0 0 347 180 349 154
3467413 35.97884 1.407285 1.034768 36.92053 11.90476 14.73511 51080.37 4420.624 20.18018 45.3125 0 0 171 91 174 82
3467439 59.40643 23.87054 21.95251 23.50613 27.45747 14.0033 61997.03 4125.407 24.82678 38.74261 1.298701 10.38961 3322 1329 3398 1325
3467447 28.84975 4.59477 5.959822 8.972135 7.187223 12.61622 58872.75 4335.660 21.75074 39.28442 1.219512 6.097561 3282 2100 3310 1787
3473973 29.30606 7.97491 13.87097 10.28674 10.69959 13.23241 55944.13 3811.049 22.28951 78.96825 0 42.85714 388 244 391 266
3475283 37.95538 6.22615 29.74493 26.23017 12.23404 10.66611 57672.68 3312.515 22.42841 0 14.28571 14.28571 411 193 412 136
3575259 35.75375 2.109375 0.625 40.46875 16.66667 11.91818 61919.85 4272.916 22.22222 0 0 0 114 72 114 58
3667611 50.62411 1.101449 11.78261 38.13043 19.26910 14.40147 57100.62 4203.244 22.98675 12.98701 0 0 459 184 467 149
3667637 40.70337 0.449312 0.954788 11.42937 3.521127 13.88148 57824.88 3838.359 25.36429 35.42857 0 100 273 158 280 143
3667678 25.95567 6.023256 5.232558 38.20266 18.69852 15.21277 62270.05 3664.259 24.16969 29.01554 0 10 2137 1133 2132 1002
3667686 44.45212 2.019903 9.084639 63.68608 19.09425 11.89511 59625.26 3811.724 24.03023 34.44593 0 48 1302 430 1304 352
3667710 39.99806 1.101044 11.80547 65.77463 19.71081 12.96852 60468.72 3939.782 24.37131 18.2534 0 56.25 2213 575 2259 407
3667777 46.74229 1.503836 8.194373 13.34015 4.504505 13.40194 62286.07 4128.065 22.62928 13.5 5.882353 0 660 290 667 280
3667801 54.40152 1.161946 3.776325 17.28395 2.941176 16.79467 61234.99 4903.238 21.27721 40.35088 0 10 101 42 103 45
3667843 34.60404 8.123958 7.962554 30.9894 15.03356 14.84909 60477.27 3763.685 24.72111 24.77432 0 50 1262 681 1261 580
3667850 57.88502 2.875776 27.39844 51.59111 24.49393 12.17399 59096.31 3838.001 25.16211 13.23944 0 70.83333 1662 482 1750 368
3667868 24.70073 0.979605 1.268669 13.05605 10.27668 15.79196 62201.87 3995.416 24.43908 31.28655 0 0 457 279 488 229
3667876 70.23575 3.366044 19.61802 50.84942 25.21964 11.67938 61672.89 4147.682 23.98684 22.39521 0 42.62295 3036 911 3080 739
3667918 44.91996 1.618203 16.41763 36.17087 15.53398 10.97167 61492.85 4057.497 26.51144 13.97059 15 20 998 389 1011 354
3667959 27.57103 0.7626423 0.7743752 19.66444 6.060606 11.88049 63432.72 3784.39 25.07162 25 0 70 626 313 626 244
3673890 46.96416 2.107896 18.18507 12.04001 7.913669 11.09907 60618.41 5342.537 20.25289 18.34862 0 0 179 98 180 74
3673957 20.98413 0.8261886 2.088854 16.67966 4.054054 8.420029 53764.2 3823.18 22.52066 10.24845 9.090909 0 482 294 482 241
3675044 47.6781 0.955685 5.308634 31.19068 11.89711 12.19179 62220.1 3865.725 24.81302 13.34405 0 61.11111 1035 424 1057 328
3675051 62.31156 1.224847 2.274716 17.93526 5.263158 10.46923 59114.49 4587.305 20.48736 26.08696 0 0 81 32 81 17
3675069 30.64712 7.226302 11.49032 28.47964 11.45631 13.98121 59659.77 3922.567 23.51056 35.31353 6.666667 6.666667 905 507 910 473
3675077 43.73161 1.65699 17.27445 20.43186 5.168986 13.20700 62106.35 3058.089 24.52082 35.83916 13.33333 86.66667 889 471 880 352
3768031 12.89092 1.749271 2.587464 10.49563 8.661417 15.07955 59963.79 4346.546 22.36994 58.82353 0 0 199 163 200 152
3768098 43.17715 2.752435 1.797588 43.81089 8.999082 14.07094 58398.9 3882.451 23.42240 29.01186 4 44 1607 820 1610 757
3768114 49.18965 0.8987701 4.328288 36.21097 10.14085 16.56101 66966.72 4540.894 24.11054 22.46094 0 0 536 316 538 285
3768163 7.723036 0.1381215 0.6906077 9.254144 5 15.96932 62789.97 5092.907 19.09561 32.07547 0 0 54 48 54 40
3768213 48.69423 0.1632209 1.468988 25.29924 4.301075 12.16262 52084.4 4470.921 20.17877 40.86957 0 0 142 68 143 47
3768296 10.58816 8.755863 2.760139 7.792208 11.01512 14.19155 58198.62 3718.169 22.87571 46.68874 0 0 2347 1831 2349 1785
3768304 35.02365 0.7042254 0.8766887 19.61771 7.491857 13.51452 57168.13 3976.03 23.11592 39.73684 0 0 510 342 509 280
3768338 64.15235 9.492747 16.92434 35.27733 25.08497 12.29597 62782.7 4952.585 22.19313 31.24032 4.166667 28.57143 8470 3812 8479 3392
3768452 40.05977 2.53262 6.127555 37.38501 11.09091 12.81245 65164.45 4103.446 23.64449 34.33243 3.703704 81.48148 1691 846 1707 683
3773551 26.92308 2.594662 1.762880 26.13284 13.33333 15.28393 62997.11 4261.82 24.32617 43.44473 0 0 594 410 595 357
3773569 54.9774 1.804259 14.86001 41.52190 16.01344 13.17371 57811.14 3832.582 23.35025 44.7178 0 0 1303 573 1317 435
3773791 49.26504 2.389785 2.553705 44.13769 11.06472 13.66803 60657.16 4097.092 24.63998 29.65517 0 83.33333 734 338 749 330
3868478 64.55428 41.36902 16.19322 21.20412 43.73746 15.28547 52885.51 5230.051 17.93118 48.83066 2.654867 1.769912 3624 1740 3633 1925
3968502 36.41286 0.9198423 0.3285151 26.64258 5.673759 14.19245 53510.44 3846.512 23.32055 26.41509 0 0 197 126 200 114
3968569 44.12983 19.62769 10.69226 17.62653 14.7343 13.20137 53970.81 4022.264 21.56064 29.83539 0 0 629 327 634 279
3968577 40.58286 1.936027 0.3367003 34.21717 7.207207 16.12520 52198.86 3727.909 22.02652 39.28571 0 0 190 89 193 60
3968585 48.76863 19.79547 5.832491 23.64881 11.27119 15.08360 59465.23 4469.021 22.00292 30.33708 0 62.85714 1916 824 1932 638
3968593 35.13317 2.449629 4.936003 29.09547 11.32638 13.80978 56910.66 3589.197 24.38578 36.2426 0 0 1189 606 1207 591
3968650 13.77399 0.7308161 0.4872107 21.84328 2.564103 14.55039 51683 3786.43 20.59880 29.72973 0 0 173 119 173 130
3968676 68.72708 20.87249 13.34830 42.18544 33.74755 12.67768 66654.75 4527.226 22.94049 18.20926 0 21.95122 2218 554 2323 558
3975499 26.57033 4.436534 5.981941 26.72339 14.19624 10.59350 55631.9 3616.366 23.96260 26.28676 0 0 745 417 749 397
4068700 18.07366 1.065779 1.648626 9.342215 3.284672 14.97258 60464.24 4506.425 23.30425 45.45455 0 0 438 324 437 293
4068759 38.07467 1.538031 1.165175 30.20134 8.932039 13.48316 55684.26 3887.088 21.21927 25.90361 0 0 730 518 727 465
4068809 22.46579 2.346382 2.090835 12.61471 5.326877 16.19522 64397.68 4933.223 21.43327 25.63559 5.263158 0 669 482 676 453
4068841 17.99781 0.6178288 1.41218 9.223301 4.587156 11.08730 50372.47 3667.019 19.39394 35.95506 0 0 175 114 174 96
4075457 36.82691 1.330486 3.876478 27.18463 5.802048 14.22784 59653.03 4756.442 22.28147 39.81481 0 0 423 245 423 224
4075465 27.08779 1.005025 0.3015075 21.60804 9.23077 12.86419 46347.38 4792.461 17.37132 41.33333 0 0 65 45 66 34
4168890 19.30207 2.108511 0.5399846 25.09643 8.290155 13.32290 51768.27 4138.211 21.00933 48.80952 0 0 329 220 331 179
4169070 31.91489 8.753316 4.823657 34.79713 11.89931 17.10861 57489.22 3823.838 23.52320 38.95447 0 0 707 325 705 303
4269146 39.27727 1.385309 0.9664948 54.38144 21.32353 14.49774 60262.91 4158.069 22.21329 33.33333 0 0 232 123 235 108
4269229 35.70633 4.651992 8.920774 32.86695 9.057301 17.08317 53117.72 4325.819 21.67377 42.91498 0 13.33333 740 363 754 302
4369484 44.54203 2.308979 1.528165 62.94479 22.37197 15.48966 62890.81 4312.730 24.50787 20.19002 0 15.38462 562 242 590 171
4369583 23.6491 5.235658 2.399232 33.46129 11.25 17.79609 60283.85 4361.515 23.73711 37.80488 0 0 716 437 715 400
4369641 7.894435 17.389 4.916817 6.887782 13.52834 14.11575 66182.01 5970.823 18.74769 73.37526 0 0 598 514 605 538
4369666 42.80784 12.24502 3.270391 49.41048 22.36951 16.57729 80565.04 5038.4 28.21085 38.10758 0 0 2185 1071 2216 975
4369674 40.20545 18.39412 4.340957 25.20091 11.52 15.60997 65468.92 4317.319 23.7628 29.55112 0 0 898 476 908 463
4373387 28.89357 31.45988 5.952142 18.42952 20.22727 14.80637 60774.92 4090.016 22.11977 26.72065 0 0 710 426 713 399
4469799 56.34867 1.201376 0.587457 72.01376 19.71665 14.11421 59922.13 4282.146 22.53530 26.64756 4 20 1253 426 1269 393
4469807 14.50640 1.659053 1.226256 4.087521 3.333333 17.28916 58616.28 4262.088 24.33353 60.58091 14.28571 0 346 253 345 204
4569989 39.60894 0.7471264 0.2873563 8.908046 4.301075 16.49120 56131.94 4741.874 18.73638 28.82883 0 0 144 81 145 59
4575267 49.37712 0.8405323 1.074014 4.809713 4.090909 14.58583 55396.61 4509.515 20.73813 34.48276 0 0 338 169 335 131
4670177 32.10162 1.633166 0.6281407 8.354271 1.960784 14.40364 54122.02 2908.312 16.88889 43.24324 9.090909 0 121 88 121 80
4870524 11.44366 4.562111 7.805057 10.15024 10.16260 15.17562 61419.34 4303.057 22.27944 40.4908 0 0 433 359 435 326
4870532 40.81942 1.316920 1.774979 39.96565 12.64368 15.51333 57074.22 4262.563 20.02370 39.66480 0 16.66667 245 103 239 100
4870540 28.11086 6.548673 21.01071 18.01584 13.24153 15.96551 59268.99 3955.489 22.88891 26.11607 0 34.61538 1486 728 1496 688
4870565 22.71245 2.529475 15.34834 10.39657 18.22034 15.12085 62353.6 4900.856 20.22874 66.31016 0 0 320 189 323 155
4870573 23.01924 2.829361 8.373287 16.74657 9.129815 14.62274 53901.88 4110.539 22.38147 40.26144 5.263158 10.52632 1044 585 1052 515
4870581 35.46088 3.839582 35.21459 15.5493 23.87677 16.68085 68338.8 4364.927 25.67080 20.02275 0 56 1290 477 1324 450
4970656 39.70868 0.4294479 0.6748466 25.09202 6.329114 15.62941 56854.04 3942.010 20.42161 43.83562 0 0 117 67 120 55
4970953 30.76032 1.923440 0.7165755 22.40241 6.153846 15.85861 54122.34 4170.568 21.14767 23.37165 11.11111 11.11111 392 239 386 224
4973882 19.67584 3.863969 3.644564 12.84739 5.99455 15.71779 59484.68 4081.602 22.29298 14.45087 0 0 612 373 616 320
4975358 33.55805 1.379099 0.858106 26.50935 17.56757 11.02364 50731.47 3834.786 21.02305 0 0 0 236 132 234 108
4975390 21.46387 0.8783784 0.4391892 34.05405 14.28571 16.46453 56837.35 4968.968 20.91327 46.48438 0 0 231 136 232 151
5071043 51.20522 4.550344 3.431583 39.2642 10.04902 13.27732 56234.31 3767.504 23.17001 12.96703 0 41.66667 690 228 688 193
5071068 42.13075 0.7830854 0.2349256 25.92013 1.724138 13.38175 49550.74 3282.389 21.30662 29.87013 0 0 118 63 120 55
5071217 55.00726 0.673968 1.235608 64.5886 18.12081 13.32733 55535.15 4008.414 24.00409 13.07190 0 0 220 86 224 72
5071308 42.6007 4.702023 1.366867 32.55878 9.221311 14.96416 59645.21 3932.407 24.17863 21.40625 0 50 747 388 733 359
5073601 53.90428 1.221374 1.475827 53.43511 14.73684 12.70857 51297.37 4109.917 21.68662 28.86598 0 16.66667 120 44 120 31
5171399 72.2977 12.32356 0.597177 45.33116 6.521739 12.38267 52194.34 4350.793 21.44379 17.72152 0 0 131 43 135 39
5171464 49.25642 13.28312 2.939555 25.5282 14.10788 15.09745 57777.56 4165.932 23.06171 24.24242 0 25 767 360 776 303
5271498 49.15907 0.8762706 1.892744 29.75815 3.597122 13.24340 55372.46 3941.387 20.91108 36.42384 0 0 204 82 207 79
5271571 51.2931 0.1422475 0.56899 32.29018 2.564103 15.81222 53216.62 5045.576 19.64384 34.21053 0 0 40 18 41 19
5375028 60.14599 0.4807692 0 5.128205 5.555556 16.13205 63507.83 6482.47 17.90831 42.42424 0 0 41 25 43 23
5471860 84.09904 0.5628518 0.2412222 90.72635 18.78788 14.21739 58391.11 3952.910 22.75184 8.370044 0 0 258 46 259 91
5471878 74.57442 0.8955831 0.2442499 80.46 15.98174 12.97066 53304.9 3688.748 22.96475 16.46586 0 0 343 103 342 96
5471993 76.58037 1.721170 0.05737235 83.76363 23.68421 13.28494 58362.71 4115.279 22.61873 27.42857 0 0 243 51 250 40
5472256 44.83328 7.621228 1.954371 43.13517 12.71111 14.47325 58322.98 4057.255 22.31273 35.91731 3.125 28.125 1726 794 1750 578
5472272 72.66314 1.192504 0.2981261 79.25894 13.15789 14.81406 58001.31 4081.734 21.10603 36.13445 0 0 147 46 150 26
5475325 92.3345 0.933553 0.1098298 83.0313 17.10526 14.40238 61350.21 3792.456 22.91892 0 0 100 137 15 134 23
5575184 36.71642 0.4279601 0.8559201 4.707561 4.651163 13.26809 48160.47 4666.561 18.42667 70.27027 0 0 53 36 53 31
5672454 51.80654 0.5471956 0.4377565 76.90834 15.52795 15.02404 56925.98 3897.079 23.48475 30.60109 0 16.66667 264 82 266 59
5672520 23.28170 1.366251 0.8628955 18.64813 8.152174 14.22136 56808.01 3825.936 22.87717 35.54688 0 0 308 222 304 204
5672603 15.68154 5.522166 1.674629 17.43977 6.917476 15.00022 57203.55 3831.574 23.20986 37.68719 0 0 1328 837 1338 736
5672652 38.15821 2.905512 2.354871 33.44268 9.943978 15.35255 56413.61 3699.07 24.85112 34.36341 0 22.22222 1166 653 1170 526
5673759 12.32702 5.661354 1.485200 14.53115 5.405405 15.73222 62750.24 4265.133 23.81032 41.16638 0 0 1425 1126 1431 1088
5673874 1.247051 6.066291 1.000625 2.345216 4.72973 12.22485 55208.84 4079.327 20.98849 74.3421 0 0 249 212 248 186
5673940 23.45529 3.861647 1.819697 29.78191 10.36585 10.28723 54402.98 4155.084 21.65256 21.14094 0 0 510 332 516 284
5772678 17.89883 10.49096 3.372093 12.70026 14.92891 14.43766 49783.31 4254.717 20.06286 46.42032 0 0 583 461 591 455
5772686 49.23581 0.77951 1.670379 43.76392 4.166667 11.36091 50433.17 5039.203 19.54545 27.08333 0 0 51 24 59 17
5772694 62.23968 13.82086 3.956157 32.12879 15.88448 13.27089 52881.33 4324.174 20.98711 8 0 18.18182 331 116 342 96
5772702 46.16188 1.150575 0.8004002 45.62281 13.33333 11.80714 48426.15 3945.069 19.8583 53.77358 0 0 147 63 154 37
5772710 43.41431 3.648564 1.541204 46.31998 21.37767 14.40468 53796.16 3845.481 22.70884 29.89247 0 6.666667 593 255 595 208
5872736 70.62104 20.46172 2.989345 17.42305 11.03286 16.56420 61705.66 3970.984 24.88647 15.14286 0 13.63636 699 259 709 199
5872751 77.74827 5.998899 9.576225 11.11723 7.874016 16.91871 65099.57 6913.397 20.03252 23.52941 0 0 154 92 156 72
